0.252603	1.0672	-1.44909	-1.90053	-1.35945	1.53653	4.54761
0.26068	1.06716	-1.4491	-1.90052	-1.35949	1.53653	4.54761
0.268381	1.06716	-1.4491	-1.90049	-1.35946	1.53656	4.54761
0.27664	1.06716	-1.4491	-1.90053	-1.35948	1.53655	4.54759
0.284472	1.06716	-1.44911	-1.90052	-1.35947	1.53656	4.54759
0.29252	1.06718	-1.44913	-1.90054	-1.35948	1.53652	4.54758
0.300254	1.06718	-1.4491	-1.90049	-1.35947	1.53656	4.54756
0.308417	1.06719	-1.44907	-1.90048	-1.35943	1.53653	4.54761
0.31634	1.0672	-1.44911	-1.90052	-1.35948	1.53653	4.54758
0.324687	1.06721	-1.44909	-1.90051	-1.35948	1.53653	4.54759
0.332677	1.06716	-1.44907	-1.90052	-1.35946	1.53653	4.54759
0.340663	1.0672	-1.44909	-1.90049	-1.35949	1.53657	4.54759
0.34831	1.06719	-1.44908	-1.90049	-1.35947	1.53651	4.5476
0.356444	1.0672	-1.44911	-1.90047	-1.35949	1.53658	4.54759
0.364639	1.06718	-1.44914	-1.90048	-1.35946	1.53655	4.54764
0.372493	1.06718	-1.44909	-1.90048	-1.35947	1.53656	4.54761
0.38036	1.06715	-1.44909	-1.90051	-1.35948	1.53655	4.54758
0.388523	1.06718	-1.44903	-1.90051	-1.35952	1.53655	4.54762
0.396671	1.06715	-1.44908	-1.90053	-1.35947	1.53656	4.54761
0.404432	1.06718	-1.4491	-1.90051	-1.35945	1.53653	4.54753
0.412525	1.06719	-1.44908	-1.90049	-1.35945	1.5365	4.54759
0.420465	1.06718	-1.4491	-1.90047	-1.35946	1.53655	4.5476
0.428651	1.06719	-1.44908	-1.90051	-1.35949	1.53653	4.54759
0.436289	1.06716	-1.44908	-1.90048	-1.35945	1.53655	4.54755
0.444334	1.06715	-1.44911	-1.90048	-1.35948	1.53655	4.54759
0.452629	1.06716	-1.4491	-1.90049	-1.35946	1.53655	4.5476
0.460641	1.06721	-1.44914	-1.90048	-1.35946	1.53655	4.54759
0.468374	1.06719	-1.44914	-1.90046	-1.35946	1.53653	4.54756
0.476702	1.06719	-1.44908	-1.90045	-1.35945	1.53651	4.54761
0.484715	1.06716	-1.44909	-1.90053	-1.35943	1.53653	4.54761
0.492542	1.06719	-1.44911	-1.90051	-1.35948	1.53653	4.54761
0.500268	1.06716	-1.44909	-1.90051	-1.35948	1.53653	4.54759
0.508415	1.06719	-1.44911	-1.90048	-1.35945	1.53656	4.54756
0.516672	1.06716	-1.4491	-1.90052	-1.35943	1.53657	4.54758
0.524445	1.06719	-1.4491	-1.90053	-1.35946	1.53657	4.54762
0.532438	1.06719	-1.4491	-1.90047	-1.35951	1.53656	4.54759
0.540385	1.06716	-1.4491	-1.90051	-1.35945	1.53653	4.54758
0.548706	1.06716	-1.4491	-1.90049	-1.35948	1.53656	4.54762
0.556408	1.06718	-1.44909	-1.90051	-1.35946	1.53653	4.54759
0.564338	1.06719	-1.4491	-1.90049	-1.35947	1.53656	4.54759
0.572592	1.06716	-1.44908	-1.90049	-1.35951	1.53651	4.5476
0.580422	1.06719	-1.44908	-1.90052	-1.35948	1.53656	4.54755
0.588297	1.06718	-1.4491	-1.90049	-1.35948	1.53653	4.54759
0.596324	1.06721	-1.4491	-1.90047	-1.35947	1.53653	4.54758
0.604341	1.0672	-1.44913	-1.90049	-1.35945	1.53653	4.5476
0.611948	1.06718	-1.44908	-1.90048	-1.35948	1.53652	4.5476
0.619865	1.06716	-1.44908	-1.90051	-1.35947	1.53653	4.54758
0.627895	1.06719	-1.44911	-1.90049	-1.35943	1.53655	4.54756
0.635832	1.06714	-1.44908	-1.90048	-1.35948	1.53653	4.5476
0.643993	1.06718	-1.44908	-1.90048	-1.35951	1.53655	4.54759
0.651918	1.0672	-1.44909	-1.90051	-1.35946	1.53651	4.54761
0.65999	1.06722	-1.4491	-1.90049	-1.35947	1.53656	4.54756
0.66843	1.06715	-1.44908	-1.90047	-1.35945	1.53653	4.54758
0.6766	1.06721	-1.4491	-1.90052	-1.35946	1.53651	4.54764
0.684325	1.06716	-1.44909	-1.90049	-1.35948	1.53656	4.54758
0.692253	1.06721	-1.44909	-1.90049	-1.35942	1.53655	4.5476
0.700219	1.0672	-1.44907	-1.90047	-1.35945	1.53655	4.5476
0.708199	1.06718	-1.4491	-1.90047	-1.35948	1.53651	4.54761
0.716226	1.06715	-1.44909	-1.90047	-1.35946	1.53656	4.54756
0.724686	1.06718	-1.44908	-1.90047	-1.35947	1.5365	4.54755
0.732544	1.06716	-1.4491	-1.90051	-1.35948	1.53656	4.54758
0.740304	1.0672	-1.4491	-1.90047	-1.35946	1.53652	4.54761
0.748385	1.06715	-1.44907	-1.90048	-1.35948	1.53653	4.54759
0.756635	1.06719	-1.4491	-1.90048	-1.35948	1.53656	4.5476
0.764633	1.06716	-1.44909	-1.90052	-1.35948	1.53652	4.54762
0.772498	1.06715	-1.4491	-1.90047	-1.35946	1.53653	4.54756
0.7803	1.06719	-1.44909	-1.90049	-1.35948	1.53657	4.54762
0.788277	1.06716	-1.44909	-1.90048	-1.35946	1.53657	4.5476
0.796547	1.06715	-1.44909	-1.90049	-1.35943	1.53656	4.54762
0.804668	1.06716	-1.44913	-1.90048	-1.35947	1.53656	4.54758
0.81236	1.06714	-1.4491	-1.90047	-1.35951	1.53652	4.5476
0.820222	1.06719	-1.44904	-1.90052	-1.35949	1.53652	4.54759
0.828512	1.0672	-1.44909	-1.90052	-1.35946	1.53653	4.54761
0.83644	1.06718	-1.44909	-1.90048	-1.35943	1.53655	4.54764
0.84429	1.06716	-1.44909	-1.90048	-1.35948	1.53653	4.54761
0.852236	1.06719	-1.44909	-1.90049	-1.35948	1.53652	4.54756
0.86029	1.06716	-1.44907	-1.90051	-1.35946	1.5365	4.54759
0.868211	1.0672	-1.44913	-1.90048	-1.35948	1.53653	4.54761
0.876513	1.06719	-1.44908	-1.90048	-1.35948	1.53653	4.54756
0.884327	1.06719	-1.4491	-1.90048	-1.35943	1.53656	4.5476
0.892686	1.06718	-1.4491	-1.90051	-1.35947	1.53651	4.54755
0.900375	1.0672	-1.4491	-1.90049	-1.35946	1.53657	4.54755
0.908302	1.06718	-1.4491	-1.90047	-1.35945	1.53652	4.5476
0.916275	1.06722	-1.4491	-1.90048	-1.35946	1.53656	4.54759
0.924547	1.06719	-1.44909	-1.90053	-1.35946	1.53651	4.54761
0.932456	1.06718	-1.44909	-1.90051	-1.35948	1.53653	4.54762
0.940581	1.06718	-1.4491	-1.90052	-1.35951	1.53655	4.54761
0.948524	1.06716	-1.4491	-1.90048	-1.35949	1.53658	4.54762
0.956547	1.06715	-1.4491	-1.90048	-1.35947	1.53657	4.54756
0.964313	1.06715	-1.4491	-1.90051	-1.35948	1.5365	4.5476
0.972403	1.06716	-1.44911	-1.90048	-1.35945	1.53656	4.54762
0.980646	1.06715	-1.4491	-1.90048	-1.35948	1.53657	4.54759
0.988512	1.06718	-1.4491	-1.90046	-1.35946	1.53655	4.5476
0.996251	1.06719	-1.44909	-1.90051	-1.35946	1.53656	4.54758
1.00442	1.06718	-1.44909	-1.90051	-1.35949	1.53653	4.5476
1.01262	1.06718	-1.44914	-1.90047	-1.35948	1.53652	4.54758
1.02051	1.06719	-1.4491	-1.90048	-1.35949	1.53655	4.54761
1.02827	1.06716	-1.44909	-1.90048	-1.35948	1.53655	4.54762
1.03637	1.06719	-1.44908	-1.90049	-1.35949	1.53655	4.5476
1.04442	1.06716	-1.44908	-1.90048	-1.35946	1.53653	4.54764
1.05236	1.0672	-1.44913	-1.90051	-1.35945	1.53656	4.5476
1.06038	1.06716	-1.4491	-1.90048	-1.35948	1.53653	4.54759
1.06842	1.06716	-1.44909	-1.90049	-1.35948	1.53652	4.54761
1.07641	1.0672	-1.4491	-1.90048	-1.35946	1.53653	4.54762
1.08429	1.06719	-1.4491	-1.90049	-1.35947	1.53657	4.54762
1.09236	1.0672	-1.44908	-1.90048	-1.35946	1.53656	4.54761
1.10053	1.06714	-1.4491	-1.90047	-1.35947	1.53653	4.54758
1.1082	1.0672	-1.44911	-1.90051	-1.35951	1.53655	4.54755
1.11622	1.0672	-1.44908	-1.90049	-1.35946	1.5365	4.5476
1.12425	1.06718	-1.4491	-1.90049	-1.35943	1.53652	4.54758
1.13225	1.06718	-1.4491	-1.90052	-1.35951	1.53651	4.54761
1.14024	1.06718	-1.44911	-1.90047	-1.35945	1.53651	4.54761
1.14819	1.06715	-1.44911	-1.90049	-1.35946	1.53656	4.54758
1.15657	1.06718	-1.4491	-1.90047	-1.35945	1.53653	4.54758
1.16469	1.06714	-1.44908	-1.90052	-1.35948	1.5365	4.54759
1.17268	1.0672	-1.44914	-1.90052	-1.35949	1.53652	4.54754
1.18024	1.06718	-1.44909	-1.90053	-1.35949	1.53656	4.54764
1.18859	1.06715	-1.44909	-1.90048	-1.35948	1.53653	4.54756
1.19638	1.06716	-1.44908	-1.90049	-1.35951	1.53655	4.54761
1.20441	1.06719	-1.44911	-1.90051	-1.35946	1.53652	4.54759
1.21231	1.06712	-1.4491	-1.90051	-1.35949	1.53651	4.5476
1.22022	1.06716	-1.44909	-1.90051	-1.35943	1.53655	4.54759
1.22855	1.06719	-1.44911	-1.90051	-1.35948	1.53652	4.54759
1.23645	1.06719	-1.44911	-1.90049	-1.35948	1.53655	4.54759
1.24432	1.06716	-1.44909	-1.90048	-1.35947	1.5365	4.54761
1.25264	1.0672	-1.44911	-1.90051	-1.35946	1.53653	4.54761
1.26066	1.06719	-1.44907	-1.90049	-1.35946	1.53655	4.54759
1.26831	1.06718	-1.44909	-1.90047	-1.35945	1.53655	4.54758
1.27663	1.06714	-1.44911	-1.90052	-1.35945	1.53653	4.54756
1.28449	1.06715	-1.44913	-1.90052	-1.35946	1.53655	4.5476
1.29228	1.06719	-1.4491	-1.90049	-1.35946	1.53655	4.54756
1.30033	1.06721	-1.44908	-1.90048	-1.35946	1.53658	4.54759
1.30827	1.06721	-1.44909	-1.90051	-1.35942	1.53653	4.54756
1.31637	1.06719	-1.44909	-1.90047	-1.35947	1.53653	4.54758
1.32418	1.06718	-1.44908	-1.90048	-1.35948	1.53653	4.54758
1.33233	1.06719	-1.4491	-1.90048	-1.35948	1.53655	4.54758
1.34024	1.06713	-1.44911	-1.90048	-1.35946	1.53655	4.54758
1.3484	1.06716	-1.44908	-1.90049	-1.35948	1.53657	4.54759
1.35634	1.06715	-1.4491	-1.90049	-1.35947	1.53657	4.54758
1.3643	1.06715	-1.4491	-1.90048	-1.35947	1.53653	4.54764
1.37225	1.06719	-1.44908	-1.90048	-1.35949	1.53658	4.5476
1.38067	1.06715	-1.4491	-1.90049	-1.35947	1.53656	4.54764
1.38837	1.06714	-1.44908	-1.90053	-1.35945	1.53656	4.54755
1.39642	1.06716	-1.4491	-1.90049	-1.35943	1.53655	4.54764
1.40431	1.06715	-1.4491	-1.90051	-1.35948	1.53653	4.54759
1.41226	1.06715	-1.44908	-1.90052	-1.35946	1.53656	4.54759
1.42025	1.06718	-1.44911	-1.90051	-1.35947	1.53652	4.54756
1.42835	1.06716	-1.44908	-1.90051	-1.35947	1.53656	4.54762
1.43626	1.06719	-1.44909	-1.90049	-1.35943	1.53653	4.54759
1.44455	1.06714	-1.44909	-1.90051	-1.35947	1.53656	4.54761
1.45246	1.06715	-1.44909	-1.90048	-1.35948	1.53655	4.54758
1.46031	1.06719	-1.44914	-1.90053	-1.35951	1.53657	4.5476
1.46866	1.06719	-1.44909	-1.90051	-1.35949	1.53658	4.54759
1.47658	1.06719	-1.44908	-1.90049	-1.35948	1.53653	4.54756
1.48432	1.06715	-1.44909	-1.90049	-1.35947	1.53657	4.54761
1.49251	1.06718	-1.44908	-1.90048	-1.35946	1.53653	4.5476
1.50016	1.06716	-1.4491	-1.90049	-1.35947	1.53655	4.5476
1.50816	1.06721	-1.44911	-1.90046	-1.35946	1.53657	4.54758
1.51658	1.06718	-1.44904	-1.90047	-1.35951	1.53655	4.54758
1.52422	1.06716	-1.44908	-1.90048	-1.35946	1.53656	4.54758
1.53263	1.06718	-1.4491	-1.90049	-1.35947	1.53651	4.54758
1.54035	1.06718	-1.44911	-1.90043	-1.35945	1.53651	4.54758
1.54825	1.06716	-1.4491	-1.90049	-1.35947	1.53656	4.54761
1.55648	1.06718	-1.44908	-1.90048	-1.35948	1.53656	4.54761
1.56463	1.0672	-1.4491	-1.90048	-1.35949	1.53652	4.5476
1.57233	1.06715	-1.4491	-1.90051	-1.35945	1.53652	4.54758
1.5803	1.06721	-1.4491	-1.90049	-1.35946	1.53653	4.54759
1.58854	1.06716	-1.4491	-1.90049	-1.35947	1.53655	4.54761
1.59665	1.06719	-1.44911	-1.90049	-1.35949	1.53651	4.54762
1.60438	1.06716	-1.44908	-1.90048	-1.35946	1.53652	4.54759
1.61223	1.06719	-1.44909	-1.90049	-1.35947	1.53652	4.54758
1.62059	1.06716	-1.44909	-1.90052	-1.35948	1.53653	4.54759
1.62851	1.06713	-1.44909	-1.90048	-1.35946	1.53652	4.54755
1.63632	1.06718	-1.44911	-1.90051	-1.35945	1.53659	4.5476
1.64432	1.06716	-1.4491	-1.90048	-1.35952	1.53657	4.54756
1.65263	1.06719	-1.4491	-1.90053	-1.35948	1.5365	4.54759
1.66028	1.06719	-1.44907	-1.90049	-1.35948	1.53655	4.54759
1.66838	1.0672	-1.44913	-1.90048	-1.35946	1.53653	4.54758
1.67629	1.06716	-1.44909	-1.90048	-1.35945	1.53653	4.54755
1.68426	1.06716	-1.44909	-1.90051	-1.35947	1.53656	4.54761
1.6926	1.06718	-1.4491	-1.90048	-1.35949	1.53657	4.54761
1.70041	1.06718	-1.44909	-1.90048	-1.35946	1.53655	4.54761
1.7086	1.06719	-1.44909	-1.90049	-1.35948	1.53655	4.54762
1.71658	1.06715	-1.44908	-1.90047	-1.35947	1.53651	4.54758
1.72462	1.06718	-1.4491	-1.90051	-1.35948	1.53652	4.54755
1.73227	1.06715	-1.4491	-1.90048	-1.35946	1.53653	4.5476
1.7402	1.0672	-1.4491	-1.90051	-1.35948	1.53655	4.5476
1.74837	1.06718	-1.44911	-1.90048	-1.35948	1.53653	4.54762
1.75625	1.06722	-1.4491	-1.90051	-1.35951	1.53653	4.54761
1.76422	1.06722	-1.44908	-1.90048	-1.35945	1.53657	4.54762
1.77261	1.06718	-1.44907	-1.90052	-1.35948	1.53651	4.5476
1.78051	1.06715	-1.44908	-1.90047	-1.35946	1.53652	4.5476
1.78869	1.06715	-1.44911	-1.90047	-1.35948	1.5365	4.54758
1.79627	1.0672	-1.4491	-1.90048	-1.35947	1.53653	4.54759
1.80438	1.06716	-1.44907	-1.90047	-1.35946	1.5365	4.54755
1.81253	1.0672	-1.44911	-1.90052	-1.35949	1.53652	4.5476
1.82042	1.06719	-1.44911	-1.90048	-1.35948	1.53653	4.54755
1.82849	1.06716	-1.4491	-1.90049	-1.35947	1.53653	4.54756
1.8365	1.06718	-1.4491	-1.90052	-1.35948	1.53652	4.5476
1.84458	1.06718	-1.44908	-1.90049	-1.35951	1.53656	4.54755
1.85235	1.06716	-1.44909	-1.90048	-1.35945	1.53657	4.54759
1.86032	1.06719	-1.4491	-1.90047	-1.35945	1.53655	4.5476
1.86828	1.06716	-1.44908	-1.90048	-1.35947	1.5365	4.54761
1.87658	1.0672	-1.4491	-1.90049	-1.35943	1.53652	4.54759
1.88434	1.06715	-1.44913	-1.90048	-1.35946	1.53653	4.54761
1.89265	1.06715	-1.4491	-1.90048	-1.35946	1.53653	4.54762
1.9004	1.0672	-1.44908	-1.90051	-1.35949	1.53652	4.54761
1.90865	1.06719	-1.44911	-1.90054	-1.35948	1.53658	4.54758
1.91642	1.06716	-1.44914	-1.90051	-1.35946	1.53653	4.54764
1.92465	1.06715	-1.4491	-1.90051	-1.35948	1.53651	4.54761
1.93256	1.06716	-1.44911	-1.90051	-1.35951	1.53652	4.54761
1.94051	1.06719	-1.4491	-1.90048	-1.35946	1.53657	4.54764
1.94836	1.06713	-1.4491	-1.90051	-1.35946	1.53652	4.54765
1.95659	1.0672	-1.4491	-1.90049	-1.35948	1.53655	4.54761
1.96449	1.06718	-1.44911	-1.90052	-1.35943	1.53652	4.5476
1.9726	1.06714	-1.44914	-1.90051	-1.35948	1.53652	4.54758
1.98029	1.06716	-1.44911	-1.90052	-1.35946	1.53652	4.54762
1.98866	1.06718	-1.44907	-1.90048	-1.35946	1.53651	4.5476
1.99654	1.0672	-1.4491	-1.90051	-1.35945	1.53655	4.5476
2.00456	1.0672	-1.44909	-1.90043	-1.35949	1.53656	4.54759
2.01223	1.06715	-1.44909	-1.90053	-1.35945	1.5365	4.54761
2.02046	1.06716	-1.44902	-1.90048	-1.35945	1.53651	4.54759
2.02849	1.06716	-1.44909	-1.90052	-1.35946	1.5365	4.5476
2.03639	1.06718	-1.44913	-1.90049	-1.35947	1.53653	4.54761
2.04429	1.06719	-1.44904	-1.90048	-1.35947	1.53653	4.5476
2.05246	1.06714	-1.44911	-1.90052	-1.35942	1.53655	4.54758
2.06063	1.06715	-1.44909	-1.90051	-1.35948	1.53655	4.54759
2.06827	1.06718	-1.4491	-1.90049	-1.35943	1.53652	4.5476
2.07633	1.06716	-1.44908	-1.90052	-1.35949	1.53657	4.54759
2.08467	1.06714	-1.4491	-1.90053	-1.35946	1.53656	4.54756
2.09264	1.06715	-1.44909	-1.90048	-1.35946	1.53655	4.5476
2.10028	1.06718	-1.44913	-1.90049	-1.35947	1.53653	4.54759
2.10821	1.06719	-1.44903	-1.90048	-1.35951	1.53649	4.54756
2.1161	1.06718	-1.4491	-1.90053	-1.35946	1.53657	4.54756
2.12459	1.06719	-1.44909	-1.90049	-1.35947	1.5365	4.5476
2.13224	1.06719	-1.44908	-1.90048	-1.35946	1.53655	4.5476
2.14044	1.06721	-1.44911	-1.90048	-1.35948	1.53651	4.54762
2.14821	1.06718	-1.4491	-1.90048	-1.35946	1.53653	4.54756
2.1562	1.0672	-1.44915	-1.90051	-1.35949	1.53656	4.54758
2.16427	1.0672	-1.44911	-1.90048	-1.35943	1.53652	4.54756
2.17233	1.06719	-1.44908	-1.90048	-1.35946	1.53653	4.54756
2.18058	1.06719	-1.44908	-1.90049	-1.35948	1.53653	4.54762
2.18849	1.06718	-1.44909	-1.90051	-1.35945	1.53652	4.5476
2.19619	1.06718	-1.44908	-1.90049	-1.35949	1.53653	4.54762
2.20457	1.06719	-1.44913	-1.90053	-1.35945	1.5365	4.54762
2.2126	1.06718	-1.44913	-1.90048	-1.35945	1.53656	4.54759
2.22047	1.06719	-1.44911	-1.90052	-1.35947	1.53656	4.54758
2.22827	1.06719	-1.44908	-1.90051	-1.35948	1.53649	4.54764
2.23657	1.06719	-1.44908	-1.90047	-1.35951	1.53658	4.54756
2.24452	1.06715	-1.4491	-1.90047	-1.35945	1.53656	4.54761
2.25236	1.06715	-1.4491	-1.90049	-1.35945	1.53655	4.54761
2.26044	1.06715	-1.44914	-1.90049	-1.35946	1.53655	4.54762
2.26859	1.06719	-1.44913	-1.90048	-1.35945	1.53656	4.5476
2.27645	1.06718	-1.44909	-1.90048	-1.35949	1.53651	4.54758
2.28425	1.06716	-1.44908	-1.90054	-1.35948	1.53652	4.54758
2.29245	1.0672	-1.4491	-1.90049	-1.35949	1.53655	4.5476
2.30058	1.06716	-1.44909	-1.90051	-1.35949	1.53656	4.54762
2.30841	1.06718	-1.44911	-1.90049	-1.35951	1.53655	4.54767
2.31638	1.06718	-1.44909	-1.90048	-1.35952	1.53657	4.54765
2.32462	1.06716	-1.44911	-1.90047	-1.35946	1.53652	4.54759
2.33262	1.06715	-1.44909	-1.90052	-1.35947	1.53653	4.54759
2.34064	1.0672	-1.44909	-1.90048	-1.35948	1.53653	4.5476
2.34832	1.06719	-1.44908	-1.90051	-1.35945	1.53652	4.54764
2.3566	1.0672	-1.44908	-1.90052	-1.35948	1.53655	4.54762
2.36434	1.06718	-1.44911	-1.90049	-1.35946	1.53655	4.5476
2.37228	1.06715	-1.44909	-1.90045	-1.35947	1.53652	4.54762
2.38028	1.06716	-1.44909	-1.90048	-1.35948	1.53656	4.54758
2.38855	1.06719	-1.44909	-1.90047	-1.35947	1.53657	4.54761
2.39638	1.0672	-1.44908	-1.90051	-1.35946	1.53651	4.54759
2.40447	1.06716	-1.4491	-1.90049	-1.35949	1.53656	4.5476
2.41231	1.06721	-1.44909	-1.90051	-1.35945	1.53651	4.54758
2.42057	1.06719	-1.44907	-1.90049	-1.35949	1.53655	4.54759
2.4285	1.0672	-1.44908	-1.90049	-1.35951	1.53656	4.54759
2.43618	1.06716	-1.4491	-1.90048	-1.35946	1.53652	4.54755
2.44421	1.06715	-1.4491	-1.90048	-1.35948	1.53652	4.54761
2.45244	1.06718	-1.44909	-1.90049	-1.35946	1.53653	4.5476
2.4606	1.06716	-1.44914	-1.90051	-1.35946	1.53651	4.54761
2.46827	1.0672	-1.44908	-1.90048	-1.35947	1.53652	4.5476
2.47621	1.06715	-1.44913	-1.90051	-1.35947	1.53656	4.54762
2.48418	1.06719	-1.44909	-1.90051	-1.35943	1.53652	4.54758
2.49246	1.06716	-1.44909	-1.90049	-1.35946	1.53653	4.54761
2.50023	1.0672	-1.44907	-1.90048	-1.35947	1.53655	4.54766
2.50849	1.06721	-1.44908	-1.90052	-1.35948	1.53652	4.5476
2.51649	1.0672	-1.44911	-1.90048	-1.35945	1.53647	4.5476
2.52453	1.06719	-1.44911	-1.90052	-1.35948	1.53655	4.54759
2.53234	1.06718	-1.44908	-1.90049	-1.35948	1.53653	4.54761
2.54022	1.06714	-1.44907	-1.90048	-1.35946	1.53655	4.54758
2.54854	1.06715	-1.4491	-1.90051	-1.35949	1.53653	4.54761
2.55655	1.06718	-1.44909	-1.90049	-1.35947	1.53655	4.5476
2.56421	1.06722	-1.44908	-1.90049	-1.35947	1.53653	4.54759
2.57248	1.0672	-1.44911	-1.90048	-1.35949	1.53655	4.54758
2.58048	1.06721	-1.44908	-1.90048	-1.35947	1.53653	4.5476
2.58858	1.06715	-1.4491	-1.90051	-1.35947	1.53658	4.54761
2.59626	1.06716	-1.44915	-1.90049	-1.35945	1.53652	4.5476
2.60446	1.06719	-1.44909	-1.90051	-1.35949	1.53656	4.54761
2.61254	1.06719	-1.44908	-1.90047	-1.35947	1.5365	4.54755
2.62051	1.06718	-1.4491	-1.90048	-1.35946	1.53656	4.54759
2.62827	1.06714	-1.4491	-1.90051	-1.35947	1.53651	4.54762
2.63618	1.06719	-1.44909	-1.90047	-1.35946	1.53658	4.54759
2.64456	1.06718	-1.44909	-1.90051	-1.35945	1.53652	4.5476
2.65225	1.06719	-1.44908	-1.90054	-1.35946	1.53651	4.54759
2.66014	1.06716	-1.4491	-1.90048	-1.35945	1.53656	4.54761
2.66841	1.0672	-1.44913	-1.90048	-1.35946	1.53658	4.54759
2.6765	1.06719	-1.44908	-1.90049	-1.35947	1.5365	4.54759
2.68428	1.06716	-1.44908	-1.90048	-1.35945	1.53655	4.54761
2.69216	1.06719	-1.44909	-1.90052	-1.35948	1.53658	4.54758
2.7005	1.06719	-1.44908	-1.90049	-1.35946	1.53655	4.5476
2.70847	1.06718	-1.4491	-1.90052	-1.35946	1.53653	4.54759
2.71627	1.06718	-1.4491	-1.90051	-1.35945	1.53656	4.54762
2.72456	1.06718	-1.4491	-1.90051	-1.35946	1.53653	4.54755
2.73254	1.06718	-1.44909	-1.90051	-1.35948	1.53657	4.5476
2.74043	1.06718	-1.44908	-1.90048	-1.35949	1.53655	4.54759
2.74837	1.0672	-1.4491	-1.90046	-1.35949	1.53652	4.5476
2.75629	1.06718	-1.44908	-1.90053	-1.35943	1.53653	4.54761
2.76449	1.06718	-1.44909	-1.90048	-1.35949	1.53653	4.54759
2.7723	1.06716	-1.44908	-1.90048	-1.35949	1.53658	4.5476
2.78031	1.06716	-1.4491	-1.90051	-1.35943	1.53656	4.54761
2.78841	1.06721	-1.4491	-1.90053	-1.35946	1.53652	4.54758
2.79651	1.0672	-1.44909	-1.90047	-1.35949	1.5365	4.54755
2.80442	1.06718	-1.44908	-1.90048	-1.35947	1.53653	4.54761
2.8122	1.06718	-1.44909	-1.90053	-1.35946	1.53655	4.54758
2.82014	1.0672	-1.44909	-1.90051	-1.35948	1.53653	4.54762
2.82812	1.06718	-1.44909	-1.90048	-1.35951	1.53656	4.54756
2.83614	1.06719	-1.44908	-1.90049	-1.35946	1.53651	4.54755
2.84421	1.06718	-1.4491	-1.90052	-1.35947	1.53656	4.54758
2.85248	1.06716	-1.44909	-1.90051	-1.35947	1.53653	4.5476
2.86045	1.06715	-1.44908	-1.90049	-1.35946	1.53655	4.54759
2.86856	1.06719	-1.44909	-1.90048	-1.35945	1.53657	4.54759
2.87632	1.06719	-1.44911	-1.90049	-1.35945	1.53656	4.5476
2.88418	1.06716	-1.44907	-1.90047	-1.35951	1.53655	4.54758
2.89236	1.06718	-1.4491	-1.90049	-1.35946	1.53656	4.54761
2.9002	1.06716	-1.44911	-1.90051	-1.35948	1.53655	4.5476
2.90843	1.0672	-1.44908	-1.90048	-1.35951	1.53651	4.54759
2.91659	1.06721	-1.44907	-1.90049	-1.35948	1.53652	4.54759
2.92433	1.06718	-1.44908	-1.90048	-1.35947	1.53652	4.54756
2.93232	1.06716	-1.44913	-1.90054	-1.35947	1.53655	4.5476
2.94042	1.0672	-1.44911	-1.90051	-1.35949	1.53652	4.54761
2.94844	1.06718	-1.4491	-1.90047	-1.35951	1.53652	4.54758
2.95644	1.06718	-1.44909	-1.90048	-1.35948	1.53653	4.5476
2.96429	1.06721	-1.4491	-1.90046	-1.35946	1.53656	4.54758
2.97223	1.0672	-1.4491	-1.90052	-1.35947	1.53653	4.54758
2.98036	1.06715	-1.44913	-1.90049	-1.35946	1.53655	4.54761
2.98838	1.06716	-1.44908	-1.90048	-1.35949	1.53658	4.5476
2.99622	1.06715	-1.44909	-1.90048	-1.35952	1.5365	4.54758
3.00442	1.06719	-1.44911	-1.90051	-1.35945	1.53651	4.54758
3.01249	1.06719	-1.44907	-1.90051	-1.35946	1.53655	4.54759
3.02046	1.06716	-1.4491	-1.90051	-1.35946	1.53656	4.54755
3.02821	1.06714	-1.44911	-1.90053	-1.35949	1.53657	4.54761
3.03649	1.0672	-1.44908	-1.90052	-1.35948	1.53653	4.54758
3.04445	1.06715	-1.44909	-1.90048	-1.35948	1.53656	4.54761
3.05242	1.06716	-1.44913	-1.90053	-1.35946	1.53657	4.54756
3.06018	1.06718	-1.44907	-1.90049	-1.35948	1.53655	4.5476
3.06831	1.06718	-1.44909	-1.90051	-1.35948	1.53651	4.54755
3.0763	1.06718	-1.44907	-1.90051	-1.35945	1.53655	4.54759
3.08431	1.06714	-1.44909	-1.90049	-1.35948	1.53657	4.54758
3.09242	1.06718	-1.44907	-1.90048	-1.35945	1.53653	4.54764
3.10019	1.0672	-1.44909	-1.90052	-1.35947	1.53656	4.5476
3.10834	1.06718	-1.44909	-1.90052	-1.35946	1.53651	4.5476
3.11628	1.06718	-1.44907	-1.90052	-1.35948	1.53653	4.54759
3.12421	1.06715	-1.44909	-1.90048	-1.35948	1.53656	4.5476
3.13257	1.06719	-1.44909	-1.90051	-1.35946	1.5365	4.54756
3.14051	1.06719	-1.44909	-1.90049	-1.35951	1.53652	4.5476
3.14828	1.06718	-1.4491	-1.90051	-1.35942	1.5365	4.54761
3.15657	1.06718	-1.44908	-1.90049	-1.35949	1.53651	4.54759
3.16458	1.06718	-1.4491	-1.90047	-1.35947	1.53653	4.5476
3.17257	1.06719	-1.44911	-1.90048	-1.35946	1.53653	4.54761
3.18032	1.06719	-1.44909	-1.90049	-1.35945	1.53653	4.5476
3.18848	1.0672	-1.4491	-1.90051	-1.35948	1.53656	4.54754
3.19649	1.06719	-1.44909	-1.90052	-1.35943	1.53656	4.54761
3.20452	1.06719	-1.4491	-1.90051	-1.35947	1.53661	4.54755
3.21218	1.06719	-1.44911	-1.90053	-1.35949	1.53655	4.54758
3.22059	1.06719	-1.44909	-1.90049	-1.35946	1.53652	4.5476
3.22834	1.06716	-1.44911	-1.90053	-1.35946	1.53652	4.54758
3.23632	1.06714	-1.44911	-1.90046	-1.35946	1.53649	4.5476
3.24425	1.06716	-1.44908	-1.90053	-1.35942	1.53649	4.5476
3.25245	1.0672	-1.44911	-1.90049	-1.35948	1.53653	4.5476
3.26046	1.06718	-1.44914	-1.90048	-1.35949	1.53651	4.54761
3.2686	1.06721	-1.44911	-1.90049	-1.35947	1.53651	4.54761
3.27627	1.06718	-1.4491	-1.90053	-1.35942	1.53651	4.54758
3.28456	1.06716	-1.44908	-1.90048	-1.35945	1.53655	4.54758
3.29233	1.06718	-1.44909	-1.90051	-1.35946	1.53656	4.54762
3.30061	1.06724	-1.44907	-1.90049	-1.35947	1.53653	4.54762
3.30837	1.06719	-1.4491	-1.90048	-1.35948	1.53655	4.54758
3.31625	1.06718	-1.44913	-1.90053	-1.35948	1.53653	4.54761
3.32452	1.06716	-1.44908	-1.90047	-1.35952	1.53652	4.54762
3.33226	1.0672	-1.44909	-1.90051	-1.35946	1.53652	4.54759
3.3405	1.06715	-1.44909	-1.90052	-1.35946	1.53653	4.54758
3.34853	1.06719	-1.4491	-1.90052	-1.35945	1.53651	4.54761
3.35653	1.06716	-1.4491	-1.90047	-1.35949	1.53656	4.54761
3.36424	1.06718	-1.4491	-1.90051	-1.35946	1.53652	4.54756
3.37256	1.06718	-1.44914	-1.90048	-1.35947	1.53656	4.54761
3.3804	1.06715	-1.44907	-1.90051	-1.35942	1.53652	4.54759
3.38847	1.06716	-1.44913	-1.90051	-1.35948	1.53656	4.54764
3.3963	1.06719	-1.44907	-1.90054	-1.35949	1.53652	4.54762
3.40454	1.06715	-1.4491	-1.90051	-1.35946	1.53655	4.5476
3.41242	1.06715	-1.44907	-1.90048	-1.35947	1.53652	4.54759
3.42048	1.06718	-1.4491	-1.90051	-1.35947	1.53658	4.54758
3.42822	1.06719	-1.4491	-1.90047	-1.35953	1.53652	4.54759
3.4362	1.06718	-1.44908	-1.90048	-1.35946	1.53652	4.54759
3.44419	1.06716	-1.44904	-1.90048	-1.35948	1.53655	4.54759
3.45229	1.06718	-1.44913	-1.90049	-1.35948	1.53651	4.54759
3.46022	1.06719	-1.44909	-1.90048	-1.35948	1.53653	4.54755
3.46833	1.0672	-1.4491	-1.90048	-1.35952	1.53653	4.54758
3.4766	1.06719	-1.44907	-1.90049	-1.35949	1.53657	4.54761
3.4844	1.06719	-1.44911	-1.90049	-1.35946	1.53652	4.54758
3.49229	1.06716	-1.44909	-1.90052	-1.35949	1.53653	4.54755
3.50026	1.06718	-1.4491	-1.90049	-1.35947	1.53651	4.54758
3.50835	1.06716	-1.44909	-1.90053	-1.35948	1.53651	4.54759
3.51626	1.06719	-1.44909	-1.90049	-1.35948	1.53651	4.54758
3.52411	1.06715	-1.44908	-1.90051	-1.35949	1.53651	4.5476
3.53236	1.06715	-1.44911	-1.90049	-1.35951	1.53651	4.54759
3.54021	1.06719	-1.4491	-1.90051	-1.35943	1.53651	4.5476
3.54819	1.06716	-1.44907	-1.90051	-1.35949	1.53655	4.54761
3.55652	1.0672	-1.4491	-1.90053	-1.35945	1.53652	4.5476
3.56447	1.06718	-1.44909	-1.90048	-1.35948	1.5365	4.54759
3.57253	1.06719	-1.44909	-1.90051	-1.35952	1.53655	4.54761
3.58029	1.06715	-1.4491	-1.90049	-1.35946	1.53657	4.54759
3.58825	1.06719	-1.44909	-1.90048	-1.35947	1.53652	4.54762
3.5963	1.06718	-1.4491	-1.90051	-1.35947	1.53655	4.54761
3.60454	1.06719	-1.44909	-1.90048	-1.35946	1.53653	4.54759
3.61224	1.06718	-1.44913	-1.90048	-1.35946	1.53651	4.5476
3.62053	1.06716	-1.4491	-1.90053	-1.35947	1.53652	4.54758
3.6283	1.06719	-1.44909	-1.90051	-1.35947	1.53653	4.54762
3.6364	1.06716	-1.44909	-1.90051	-1.35949	1.53653	4.54756
3.64417	1.06718	-1.44911	-1.90048	-1.35947	1.53656	4.5476
3.65232	1.06719	-1.44909	-1.90049	-1.35948	1.53653	4.54759
3.66032	1.0672	-1.44913	-1.90049	-1.35946	1.53656	4.5476
3.66819	1.06719	-1.44907	-1.90047	-1.35948	1.53657	4.54762
3.6764	1.06716	-1.4491	-1.90049	-1.35948	1.53652	4.54758
3.68444	1.0672	-1.44908	-1.90051	-1.35946	1.53656	4.5476
3.6925	1.06715	-1.4491	-1.90051	-1.35948	1.53655	4.54759
3.70032	1.06719	-1.44908	-1.90049	-1.35952	1.53652	4.54761
3.70832	1.06718	-1.44908	-1.90047	-1.35945	1.53658	4.54759
3.7165	1.06716	-1.44909	-1.90049	-1.35942	1.53655	4.5476
3.72446	1.06713	-1.4491	-1.90051	-1.35948	1.53655	4.54761
3.73217	1.06718	-1.44908	-1.90048	-1.35947	1.53655	4.54761
3.74038	1.06719	-1.44909	-1.90051	-1.35946	1.53653	4.54756
3.74847	1.06716	-1.44909	-1.90051	-1.35948	1.53652	4.54758
3.75628	1.06718	-1.44913	-1.90049	-1.35948	1.5365	4.54759
3.76422	1.06719	-1.44911	-1.90048	-1.35946	1.53652	4.54762
3.77226	1.06718	-1.44909	-1.90049	-1.35948	1.53655	4.5476
3.7805	1.06715	-1.44909	-1.90051	-1.35945	1.53658	4.5476
3.78817	1.0672	-1.4491	-1.90048	-1.35945	1.53652	4.5476
3.7962	1.0672	-1.44911	-1.90048	-1.35943	1.53652	4.54759
3.80433	1.06718	-1.44909	-1.90049	-1.35945	1.53652	4.54758
3.8125	1.06718	-1.44913	-1.90053	-1.35947	1.5365	4.5476
3.82007	1.06712	-1.44907	-1.90049	-1.35947	1.53656	4.5476
3.82809	1.06715	-1.44909	-1.90053	-1.35949	1.53652	4.54759
3.83604	1.06715	-1.44909	-1.90049	-1.35946	1.53656	4.54759
3.84405	1.06716	-1.4491	-1.90049	-1.35945	1.53655	4.54761
3.85206	1.06716	-1.4491	-1.90049	-1.35946	1.53657	4.54761
3.86003	1.0672	-1.44911	-1.90049	-1.35945	1.53653	4.54762
3.8685	1.06716	-1.4491	-1.90051	-1.35945	1.53651	4.54753
3.87651	1.06718	-1.44908	-1.90051	-1.35943	1.53651	4.54759
3.88431	1.06719	-1.44908	-1.90047	-1.35945	1.53655	4.5476
3.89213	1.06718	-1.4491	-1.90048	-1.35945	1.53653	4.54761
3.90015	1.06718	-1.44908	-1.90048	-1.35948	1.53651	4.54759
3.90837	1.06715	-1.44908	-1.90049	-1.35945	1.53659	4.54759
3.91608	1.06719	-1.44908	-1.90051	-1.35945	1.53652	4.54759
3.92439	1.0672	-1.44909	-1.90048	-1.35946	1.53656	4.54759
3.93248	1.06716	-1.4491	-1.90048	-1.35945	1.53653	4.54755
3.94042	1.06718	-1.44904	-1.90052	-1.35947	1.53652	4.54764
3.94825	1.06721	-1.44908	-1.90049	-1.35946	1.5365	4.54759
3.95645	1.06716	-1.44908	-1.90048	-1.35948	1.53655	4.54759
3.9645	1.06718	-1.44909	-1.90049	-1.35948	1.5365	4.54762
3.97237	1.06719	-1.44911	-1.90051	-1.35948	1.53651	4.5476
3.98013	1.0672	-1.44911	-1.90048	-1.35945	1.53655	4.54761
3.9885	1.06718	-1.44911	-1.90049	-1.35947	1.53655	4.5476
3.99651	1.06715	-1.4491	-1.90052	-1.35947	1.53652	4.54761
4.00423	1.06718	-1.4491	-1.90049	-1.35946	1.53657	4.54767
4.01215	1.06719	-1.44909	-1.90049	-1.35947	1.53651	4.54756
4.02039	1.06719	-1.44908	-1.90049	-1.35946	1.53656	4.54759
4.02834	1.06718	-1.44908	-1.90047	-1.35947	1.53652	4.54759
4.03649	1.06718	-1.44911	-1.90052	-1.35949	1.53653	4.54762
4.04413	1.06715	-1.44904	-1.90051	-1.35943	1.53653	4.54759
4.0525	1.06719	-1.4491	-1.90051	-1.35945	1.53653	4.5476
4.06039	1.06715	-1.4491	-1.90053	-1.35948	1.53653	4.54756
4.06849	1.06718	-1.4491	-1.90048	-1.35948	1.53652	4.5476
4.07621	1.0672	-1.44908	-1.90051	-1.35949	1.53653	4.54758
4.0844	1.0672	-1.44909	-1.90052	-1.35945	1.53653	4.54759
4.09241	1.06714	-1.44911	-1.90046	-1.35947	1.53653	4.54761
4.10029	1.06716	-1.44911	-1.90052	-1.35945	1.53657	4.5476
4.1081	1.06716	-1.44913	-1.90051	-1.35947	1.53652	4.54761
4.1164	1.0672	-1.44909	-1.90051	-1.35943	1.53656	4.54755
4.12434	1.06715	-1.4491	-1.90048	-1.35949	1.5365	4.54761
4.1324	1.06721	-1.44911	-1.90046	-1.35947	1.53652	4.54758
4.14018	1.06718	-1.44913	-1.90052	-1.35947	1.53655	4.54761
4.14833	1.06718	-1.44907	-1.90048	-1.35947	1.53655	4.5476
4.15652	1.0672	-1.44909	-1.90048	-1.35946	1.53657	4.5476
4.16419	1.06719	-1.44909	-1.90051	-1.35946	1.53656	4.54759
4.17252	1.0672	-1.4491	-1.90049	-1.35948	1.53655	4.54762
4.18045	1.06719	-1.44911	-1.90048	-1.35943	1.53653	4.54759
4.18846	1.0672	-1.4491	-1.90049	-1.35949	1.53652	4.5476
4.19621	1.06719	-1.44911	-1.90049	-1.35948	1.53655	4.5476
4.20453	1.06715	-1.44909	-1.90053	-1.35952	1.53651	4.5476
4.21246	1.0672	-1.44911	-1.90049	-1.35947	1.53652	4.5476
4.22049	1.06718	-1.44908	-1.90052	-1.35947	1.53656	4.54764
4.22817	1.06721	-1.44908	-1.90047	-1.35947	1.53652	4.54758
4.23621	1.06719	-1.44911	-1.90047	-1.35946	1.53651	4.54761
4.24447	1.06716	-1.44909	-1.90051	-1.35948	1.53655	4.5476
4.2525	1.06716	-1.4491	-1.90052	-1.35946	1.53652	4.54761
4.26009	1.06719	-1.44908	-1.90051	-1.35946	1.53653	4.54761
4.26849	1.06718	-1.44913	-1.90049	-1.35948	1.53657	4.5476
4.27642	1.06719	-1.44911	-1.90047	-1.35951	1.53652	4.54759
4.28448	1.0672	-1.44911	-1.90051	-1.35947	1.53653	4.5476
4.29223	1.06719	-1.44908	-1.90051	-1.35948	1.53656	4.54761
4.30022	1.06718	-1.4491	-1.90048	-1.35947	1.53653	4.54761
4.3085	1.06719	-1.4491	-1.90053	-1.35947	1.53653	4.54762
4.31627	1.06715	-1.44907	-1.90049	-1.35945	1.53657	4.54759
4.32413	1.06718	-1.44908	-1.90049	-1.35947	1.53656	4.5476
4.33233	1.06718	-1.44911	-1.90048	-1.35945	1.53652	4.5476
4.34007	1.06719	-1.4491	-1.90049	-1.35946	1.53653	4.54756
4.34815	1.06715	-1.4491	-1.90049	-1.35952	1.53657	4.54759
4.35645	1.06716	-1.44913	-1.90051	-1.35942	1.53657	4.54758
4.36443	1.06718	-1.4491	-1.90051	-1.35946	1.53653	4.54761
4.37209	1.06714	-1.44909	-1.90051	-1.35949	1.53658	4.5476
4.38024	1.06716	-1.4491	-1.90051	-1.35952	1.53652	4.54761
4.38861	1.06718	-1.44911	-1.90048	-1.35946	1.5365	4.54756
4.39617	1.06715	-1.4491	-1.90051	-1.35946	1.53653	4.54761
4.40408	1.06716	-1.44908	-1.90052	-1.35948	1.5365	4.5476
4.41209	1.06718	-1.44904	-1.90051	-1.35949	1.53659	4.5476
4.42034	1.0672	-1.44909	-1.90049	-1.35951	1.53653	4.54756
4.42836	1.06719	-1.44909	-1.90049	-1.35948	1.53651	4.54761
4.43639	1.06715	-1.44909	-1.90048	-1.35948	1.53655	4.54758
4.4441	1.0672	-1.44908	-1.90054	-1.35946	1.53653	4.54761
4.45237	1.06719	-1.4491	-1.90047	-1.35945	1.53655	4.54758
4.46019	1.06718	-1.44908	-1.90049	-1.35948	1.53652	4.54761
4.4683	1.06719	-1.44909	-1.90053	-1.35947	1.53653	4.5476
4.47623	1.06716	-1.44911	-1.90047	-1.35946	1.53653	4.54759
4.48439	1.06715	-1.44911	-1.90048	-1.35945	1.53655	4.54759
4.49221	1.06715	-1.44909	-1.90049	-1.35946	1.53655	4.54756
4.5002	1.06718	-1.4491	-1.90053	-1.35948	1.53659	4.5476
4.50836	1.06718	-1.44911	-1.90048	-1.35945	1.53655	4.54761
4.51653	1.06715	-1.4491	-1.90052	-1.35945	1.53655	4.54755
4.52427	1.06719	-1.4491	-1.90053	-1.35948	1.53656	4.54764
4.53229	1.06719	-1.44909	-1.90049	-1.35952	1.53657	4.5476
4.54022	1.06716	-1.44909	-1.90051	-1.35946	1.53653	4.54761
4.54846	1.06719	-1.44908	-1.90051	-1.35951	1.53656	4.54756
4.55636	1.06715	-1.44908	-1.90052	-1.35947	1.53651	4.54756
4.56406	1.06716	-1.44908	-1.90046	-1.35945	1.53656	4.54758
4.57232	1.06715	-1.44907	-1.90051	-1.35946	1.53653	4.5476
4.58004	1.06719	-1.4491	-1.90051	-1.35947	1.53653	4.54762
4.58834	1.0672	-1.44908	-1.90052	-1.35948	1.53652	4.54759
4.5962	1.06716	-1.44909	-1.90048	-1.35947	1.53652	4.5476
4.60445	1.06719	-1.44908	-1.90053	-1.35948	1.53656	4.54761
4.61231	1.06715	-1.44908	-1.90049	-1.35945	1.53653	4.54759
4.62039	1.06718	-1.44914	-1.90048	-1.35949	1.53652	4.5476
4.62806	1.06716	-1.44908	-1.90052	-1.35951	1.53653	4.54759
4.63639	1.06721	-1.44908	-1.90049	-1.35947	1.53655	4.54759
4.64406	1.06718	-1.44909	-1.90048	-1.35947	1.53653	4.5476
4.65226	1.06719	-1.44909	-1.90049	-1.35947	1.53655	4.54756
4.66009	1.06718	-1.4491	-1.90052	-1.35946	1.53653	4.54761
4.66846	1.06716	-1.44909	-1.90049	-1.35945	1.53653	4.54759
4.67631	1.06719	-1.4491	-1.90049	-1.35947	1.53655	4.54761
4.68429	1.06718	-1.44907	-1.90049	-1.35946	1.53651	4.54759
4.69212	1.06716	-1.4491	-1.90051	-1.35946	1.53653	4.54761
4.70014	1.06715	-1.4491	-1.90046	-1.35949	1.53655	4.54761
4.70845	1.06715	-1.44908	-1.90053	-1.35945	1.5365	4.54759
4.71621	1.06718	-1.44908	-1.90048	-1.35949	1.53652	4.54758
4.72422	1.06715	-1.44908	-1.90049	-1.35951	1.5365	4.54759
4.73255	1.06713	-1.44908	-1.90049	-1.35948	1.53661	4.54754
4.7405	1.06718	-1.44904	-1.90048	-1.35949	1.53655	4.54761
4.74821	1.06716	-1.44909	-1.90051	-1.35945	1.53655	4.54758
4.75612	1.06721	-1.44908	-1.90047	-1.35943	1.53656	4.54761
4.76422	1.06719	-1.4491	-1.90052	-1.35946	1.53653	4.54761
4.77244	1.06718	-1.44911	-1.90053	-1.35949	1.53658	4.54759
4.7802	1.06721	-1.44908	-1.90051	-1.35945	1.53656	4.54759
4.78839	1.06719	-1.44909	-1.90049	-1.35949	1.53655	4.54762
4.79635	1.06718	-1.44908	-1.90049	-1.35948	1.53655	4.54761
4.80447	1.06718	-1.44909	-1.90049	-1.35947	1.53656	4.5476
4.81207	1.06714	-1.44907	-1.90049	-1.35947	1.53655	4.54765
4.8204	1.0672	-1.4491	-1.90047	-1.35946	1.53651	4.54758
4.82838	1.06718	-1.44907	-1.90048	-1.35949	1.53653	4.54762
4.83603	1.06719	-1.44904	-1.90051	-1.35948	1.53653	4.54754
4.84409	1.06716	-1.44909	-1.90048	-1.35947	1.53653	4.54761
4.85217	1.06716	-1.44911	-1.90048	-1.35942	1.53655	4.54765
4.86045	1.06715	-1.44908	-1.90048	-1.35948	1.53658	4.54754
4.86819	1.06718	-1.4491	-1.90049	-1.35951	1.53649	4.5476
4.87619	1.06719	-1.44911	-1.90048	-1.35947	1.53656	4.5476
4.88411	1.06719	-1.44909	-1.90048	-1.35946	1.53652	4.54753
4.89246	1.06719	-1.44909	-1.90049	-1.35948	1.53657	4.54758
4.90019	1.0672	-1.44913	-1.90048	-1.35943	1.5365	4.54761
4.90809	1.0672	-1.44908	-1.90049	-1.35946	1.53652	4.54758
4.91617	1.06721	-1.44913	-1.90045	-1.35946	1.53652	4.54761
4.92444	1.06715	-1.44914	-1.90048	-1.35951	1.53652	4.54761
4.93209	1.06719	-1.4491	-1.90049	-1.35945	1.53657	4.5476
4.94009	1.06715	-1.44911	-1.90047	-1.35948	1.53653	4.54759
4.94805	1.06718	-1.44911	-1.90053	-1.35946	1.53656	4.54761
4.95606	1.06719	-1.44909	-1.90048	-1.35946	1.53652	4.54761
4.96413	1.06719	-1.44904	-1.90051	-1.35949	1.53652	4.54758
